1418647613 1 0 0 0 0
1418667602 1 1 0 0 0
1418834773 1 2 0 0 0
1418897437 2 2 0 0 0
1418897446 3 2 0 0 0
1418898203 4 2 0 0 0
1419005605 4 2 1 0 0
1419174059 5 2 1 0 0
1419178712 6 2 1 0 0
1419365501 6 2 2 0 0
1419674344 7 2 2 0 0
1419861769 8 2 2 0 0
1419943614 9 2 2 0 0
1419950160 10 2 2 0 0
1420065369 11 2 2 0 0
1420476488 11 2 2 0 1
1420636742 12 2 2 0 1
1420636894 13 2 2 0 1
1420651748 13 2 3 0 1
1420651818 13 2 5 0 1
1420651898 13 2 6 0 1
1420665651 13 2 7 0 1
1420733516 14 2 7 0 1
1420733616 15 2 7 0 1
1420808791 16 2 7 0 1
1420808988 16 2 7 0 2
1420809074 16 2 7 0 3
1420809647 16 2 8 0 3
1420810049 16 2 9 0 3
1420810624 16 2 10 0 3
1420813518 17 2 10 0 3
1420814170 18 2 10 0 3
1420881392 19 2 10 0 4
1420897094 20 2 10 0 4
1420897894 20 2 11 0 4
1420899020 20 2 12 0 4
1420900870 21 2 12 0 4
1420902357 21 2 12 1 4
1420903578 22 2 12 1 4
1420904109 22 3 12 1 4
1420905545 22 3 12 2 4
1420905794 22 4 12 2 4
1420906547 22 5 12 2 4
1420907481 22 5 12 2 5
1420907515 23 5 12 2 5
1420908606 23 5 12 3 5
1420909483 23 6 12 3 5
1420909578 23 6 12 4 5
1420909726 23 6 12 4 6
1420970605 23 7 12 4 6
1420971043 24 7 12 4 6
1420971058 25 7 12 4 6
1420971794 25 8 12 4 6
1420973124 25 9 12 4 6
1420973178 26 9 12 4 6
1420973211 27 9 12 4 6
1420973230 28 9 12 4 6
1420973243 29 9 12 4 6
1420973403 29 10 12 4 6
1420973428 30 10 12 4 6
1420973507 31 10 12 4 6
1420973689 31 11 12 4 6
1420974127 31 12 12 4 6
1420974628 31 13 12 4 6
1420975685 31 14 12 4 6
1420976573 31 15 12 4 6
1420977497 32 15 12 4 6
1420977506 33 15 12 4 6
1420986458 33 15 12 4 7
1420990922 33 15 12 4 8
1420991753 34 15 12 4 8
1420991760 35 15 12 4 8
1420992468 36 15 12 4 8
1420992921 36 15 12 4 9
1420993418 36 15 12 4 10
1420993878 37 15 12 4 10
1420995295 38 15 12 4 10
1420998530 39 15 12 4 10
1421059608 39 15 13 4 10
1421059870 39 15 14 4 10
1421060104 40 15 14 4 10
1421060133 41 15 14 4 10
1421064750 41 15 14 5 10
1421065560 42 15 14 5 10
1421065685 42 15 14 6 11
1421066785 42 15 14 7 11
1421067480 42 15 14 7 12
1421067591 43 15 14 7 12
1421067819 43 16 14 7 12
1421068977 43 17 14 7 12
1421069063 43 17 14 8 12
1421069201 43 17 14 8 13
1421069213 44 17 14 8 13
1421069386 44 17 14 8 14
1421069469 44 17 14 9 14
1421069563 44 17 14 10 15
1421069782 45 17 14 10 15
1421070095 45 18 14 10 15
1421070138 45 18 14 11 15
1421070483 46 18 14 11 15
1421070968 46 18 14 11 16
1421071456 46 18 14 12 16
1421085623 46 18 14 13 16
1421089140 47 18 14 13 16
1421090042 47 18 14 14 16
1421090608 47 18 14 15 16
1421093324 47 19 14 15 16
1421093449 47 20 14 15 16
1421148519 47 20 14 16 16
1421148938 47 20 14 17 16
1421149415 47 20 15 17 16
1421149746 47 20 16 17 16
1421162121 47 20 17 17 16
1421163413 47 20 17 18 16
1421244669 47 20 18 18 16
1421246824 48 20 18 18 16
1421428163 48 21 18 18 16
1421693588 48 22 18 18 16
1421773847 49 22 18 18 16
1421774223 50 22 18 18 16
1421775466 50 22 19 18 16
1421843369 51 22 19 18 16
1421847584 52 22 19 18 16
1421877534 52 23 19 18 16
1422012664 53 23 19 18 16
1422020590 54 23 19 18 16
1422020602 55 23 19 18 16
1422020633 56 23 19 18 16
1422020651 57 23 19 18 16
1422027031 57 24 19 18 16
1422027211 57 25 19 18 16
1422100801 58 25 19 18 16
1422112005 58 25 20 18 16
1422201164 59 25 20 18 16
1422269311 59 25 21 18 16
1422270153 60 25 21 18 16
1422276108 60 25 22 18 16
1422276868 61 25 22 18 16
1422287044 61 26 22 18 16
1422291219 61 27 22 18 16
1422293493 61 28 22 18 16
1422299341 61 29 22 18 16
1422304637 61 30 22 18 16
1422307909 62 30 22 18 16
1422375419 62 31 22 18 16
1422382590 62 32 22 18 16
1422389854 62 33 22 18 16
1422390815 62 34 22 18 16
1422395029 62 35 22 18 16
1422436158 62 35 23 18 16
1422436230 62 35 23 19 16
1422436898 63 35 23 19 16
1422436925 64 35 23 19 16
1422436932 65 35 23 19 16
1422437828 66 35 23 19 16
1422438728 66 35 23 20 16
1422438827 66 35 24 20 16
1422438847 66 35 25 20 16
1422439732 66 36 25 20 16
1422440361 67 36 25 20 16
1422440702 68 36 25 20 16
1422441336 69 36 25 20 16
1422441381 70 36 25 20 16
1422441713 71 36 25 20 16
1422441781 72 36 25 20 16
1422446013 72 36 25 20 17
1422446071 72 36 25 20 18
1422446317 73 36 25 20 18
1422451354 73 37 25 20 18
1422452589 73 38 25 20 18
1422453001 73 39 25 20 18
1422455056 73 40 25 20 18
1422483062 73 41 25 20 18
1422483157 73 42 25 20 18
1422484872 73 43 25 20 18
1422549970 73 44 25 20 18
1422552909 73 45 25 20 18
1422553077 73 46 25 20 18
1422553242 73 47 25 20 18
1422553292 73 48 25 20 18
1422567961 73 49 25 20 18
1422568950 73 50 25 20 18
1422573104 73 51 25 20 18
1422574261 73 52 25 20 18
1422574614 73 53 25 20 18
1422577095 73 54 25 20 18
1422577872 73 55 25 20 18
1422608395 74 55 25 20 18
1422609940 75 55 25 20 18
1422612983 76 55 25 20 18
1422613007 77 55 25 20 18
1422613020 78 55 25 20 18
1422613163 78 56 25 20 18
1422613323 78 56 26 20 18
1422613626 78 56 27 20 18
1422613894 78 56 27 20 19
1422614183 78 57 27 20 19
1422614194 78 57 27 20 20
1422614582 78 57 27 21 20
1422614685 78 57 28 21 20
1422614701 78 57 29 21 20
1422618744 78 57 29 21 21
1422620087 79 58 29 21 21
1422620556 80 58 29 21 21
1422621053 80 59 29 21 21
1422621180 80 59 30 21 21
1422621194 80 59 31 21 21
1422621305 80 59 32 21 21
1422623090 80 59 33 21 21
1422623162 80 60 33 21 21
1422623754 80 60 33 21 22
1422624037 81 60 33 21 22
1422624044 81 61 33 21 22
1422624105 82 61 33 21 22
1422624107 83 61 33 21 22
1422624366 83 61 33 21 23
1422624805 83 61 33 22 23
1422625071 83 61 33 23 23
1422625119 83 61 33 23 24
1422625206 83 61 33 23 25
1422625339 83 62 33 23 25
1422625432 83 62 33 23 26
1422625584 83 63 33 23 26
1422625789 84 63 33 23 26
1422626162 84 63 33 23 27
1422626503 85 63 33 23 27
1422627033 85 63 33 23 28
1422627326 85 63 34 23 28
1422627714 85 64 34 23 28
1422628169 86 64 34 23 28
1422628827 87 64 34 23 28
1422629350 87 64 35 23 28
1422630219 87 65 35 23 28
1422630229 87 65 35 24 28
1422630414 88 65 35 24 28
1422630428 88 66 35 24 28
1422630763 89 66 35 24 28
1422630833 89 66 35 25 28
1422630852 90 66 35 25 28
1422631134 91 66 35 25 28
1422631603 91 67 35 25 28
1422632317 91 68 35 25 28
1422735927 92 68 35 25 28
1422735942 93 68 35 25 28
1422806797 93 68 36 25 28
1422812089 94 68 36 25 28
1422815461 95 68 36 25 28
1422818439 95 68 36 25 29
1422818518 95 68 36 25 30
1422822097 96 68 36 25 30
1422823638 97 68 36 25 30
1422824489 98 68 36 25 30
1422877864 98 68 37 25 30
1422877880 98 68 38 25 30
1422902383 98 68 38 25 31
1422959794 99 68 38 25 31
1422959802 100 68 38 25 31
1422992218 100 68 38 25 32
1423041432 101 68 38 25 32
1423042188 102 68 38 25 32
1423042426 102 69 38 25 32
1423042518 102 69 39 25 32
1423042533 102 69 40 25 32
1423044379 102 70 40 25 32
1423044554 102 71 40 25 32
1423045462 103 71 40 25 32
1423046142 104 71 40 25 32
1423046417 104 71 40 26 32
1423046436 104 71 40 27 32
1423046954 104 72 40 27 32
1423047190 104 72 40 28 32
1423047207 104 72 40 29 32
1423048872 105 72 40 29 32
1423048903 105 72 40 29 33
1423049034 105 72 40 29 34
1423067970 106 72 40 29 34
1423068712 107 72 40 29 34
1423078755 107 73 40 29 34
1423083877 107 73 40 29 35
1423087386 107 74 40 29 35
1423090960 107 75 40 29 35
1423126527 108 75 40 29 35
1423165160 109 75 40 29 35
1423213076 109 76 40 29 35
1423214814 109 76 40 30 35
1423214880 109 77 40 30 35
1423214904 109 78 40 30 35
1423215008 109 79 40 30 35
1423215607 109 79 40 31 35
1423217160 109 79 40 32 35
1423217638 109 79 40 32 36
1423217871 109 79 40 32 37
1423217882 109 79 40 32 38
1423218331 109 79 40 33 38
1423218735 109 79 40 34 38
1423218791 109 79 40 34 39
1423219058 109 79 41 34 39
1423219070 109 79 42 34 39
1423222987 109 79 42 35 39
1423224040 109 79 42 36 39
1423224381 109 79 42 37 39
1423224464 109 79 42 38 39
1423224715 109 79 43 38 39
1423224729 109 79 44 38 39
1423225329 109 79 44 38 40
1423225731 109 79 44 39 40
1423226450 109 79 44 39 41
1423226648 110 79 44 39 41
1423226884 111 79 44 39 41
1423236193 112 79 44 39 41
1423236269 113 79 44 39 41
1423237014 114 79 44 39 41
1423251675 114 79 44 40 41
1423328023 114 79 45 40 41
1423329368 114 80 45 40 41
1423329972 114 80 46 40 41
1423330051 114 80 47 40 41
1423331243 114 81 47 40 41
1423332845 115 81 47 40 41
1423333327 116 81 47 40 41
1423334463 117 81 47 40 41
1423335920 117 82 47 40 41
1423398079 117 82 48 40 41
1423427458 118 82 48 40 41
1423431061 119 82 48 40 41
1423431073 120 82 48 40 41
1423472244 120 82 48 41 41
1423478930 120 82 48 42 41
1423483723 120 82 49 42 41
1423484314 120 83 49 42 41
1423484556 121 83 49 42 41
1423485217 122 83 49 42 41
1423485739 122 83 50 42 41
1423485749 122 83 51 42 41
1423486071 123 83 51 42 41
1423486301 123 84 51 42 41
1423486307 123 85 51 42 41
1423486987 123 85 51 43 41
1423487197 124 85 51 43 41
1423487236 125 85 51 43 41
1423487351 125 85 52 43 41
1423487363 125 85 53 45 41
1423487872 125 85 53 46 41
1423488141 125 85 53 47 41
1423488518 125 85 53 48 41
1423488584 125 85 53 49 41
1423488832 125 85 53 50 41
1423488931 125 85 54 50 41
1423488940 126 85 55 50 41
1423488958 126 85 56 50 41
1423489148 126 85 56 51 41
1423490155 127 85 56 51 41
1423491024 127 86 56 51 41
1423491182 128 86 56 51 41
1423491215 128 87 56 51 41
1423491243 128 88 56 51 41
1423491345 128 89 56 51 41
1423491484 128 90 56 51 41
1423491703 128 91 56 51 41
1423491814 128 91 56 52 41
1423491961 129 91 56 52 41
1423491990 130 91 56 52 41
1423492276 130 92 56 52 41
1423492642 131 92 56 52 41
1423494404 131 93 56 52 41
1423648658 131 93 56 52 42
1423649482 132 93 56 52 42
1423649787 132 93 56 53 42
1423650163 133 93 56 53 42
1423650330 133 93 56 54 42
1423650658 134 93 56 54 42
1423650814 135 93 56 54 42
1423650981 135 93 57 54 42
1423651527 135 93 57 55 42
1423652398 135 93 57 55 43
1423652537 136 93 57 55 43
1423660386 136 93 58 55 43
1423665112 137 93 58 55 43
1423666409 138 93 58 55 43
1423666455 139 93 58 55 43
1423671167 139 93 59 55 43
1423671506 139 93 60 55 43
1423736672 139 93 61 55 43
1423771421 139 94 61 55 43
1423772587 139 95 61 55 43
1423772836 139 96 61 55 43
1423819453 139 97 61 55 43
1423820394 139 97 61 56 43
1423820428 140 97 61 56 43
1423821255 141 97 61 56 43
1423821454 142 97 61 57 43
1423822362 142 97 61 57 44
1423822918 142 98 61 57 44
1423823442 142 98 61 57 45
1423824004 142 98 61 57 46
1423824020 142 98 61 58 46
1423825448 142 98 62 58 46
1423825466 142 98 63 58 46
1423828696 142 98 64 58 46
1423829462 142 99 64 58 46
1423829657 142 100 64 58 46
1423829995 142 100 65 58 46
1423830071 142 101 65 58 46
1423830502 143 101 65 58 46
1423831120 143 102 65 59 46
1423835005 143 103 65 59 46
1423835102 143 103 65 60 46
1423836979 144 103 65 60 46
1423841487 144 104 65 60 46
1423926075 144 104 66 60 46
1423997755 145 104 66 60 46
1423998321 145 104 67 60 46
1423998335 145 104 68 60 46
1424001472 146 104 68 60 46
1424013878 147 104 68 60 46
1424074927 148 104 68 60 46
1424080906 148 105 68 60 46
1424080933 148 106 68 60 46
1424081821 148 106 69 60 46
1424081951 148 106 70 60 46
1424087949 148 106 71 60 46
1424089511 148 106 72 60 46
1424090106 148 106 73 60 46
1424090640 148 106 74 60 46
1424090792 148 106 75 60 46
1424091095 148 107 75 60 46
1424091163 148 108 75 60 46
1424118611 149 108 75 60 46
1424119165 150 108 75 60 46
1424122064 151 108 75 60 46
1424180993 152 108 75 60 46
1424181913 153 108 75 60 46
1424189696 153 108 75 61 46
1424212954 153 108 75 61 47
1424276480 153 108 75 62 47
1424294899 154 108 75 62 47
1424296038 154 109 75 62 47
1424297977 154 110 75 62 47
1424298959 155 110 75 62 47
1424298987 156 110 75 62 47
1424298996 157 110 75 62 47
1424337077 158 110 75 62 47
1424370289 159 110 75 62 47
1424428574 159 110 75 63 47
1424429691 160 110 75 63 47
1424429699 161 110 75 63 47
1424430783 161 110 75 63 48
1424430828 161 110 75 64 48
1424431972 161 110 76 64 48
1424431985 161 110 77 64 48
1424438742 162 110 77 64 48
1424439375 162 110 78 64 48
1424439978 162 110 78 65 48
1424440210 162 110 78 66 48
1424443053 162 110 79 66 48
1424445268 163 110 79 66 48
1424448248 163 111 79 66 48
1424448346 163 112 79 66 48
1424450529 163 113 79 66 48
1424450971 164 114 79 66 48
1424452772 164 115 79 66 48
1424461228 164 116 79 66 48
1424461441 164 117 79 66 48
1424467709 164 118 79 66 48
1424470380 164 119 79 66 48
1424471693 164 120 79 66 48
1424475010 164 121 79 66 48
1424530212 164 122 79 66 48
1424530237 164 123 79 66 48
1424530681 164 124 79 66 48
1424531843 164 125 79 66 48
1424532792 165 125 79 66 48
1424534205 166 125 79 66 48
1424537352 166 126 79 66 48
1424542873 166 127 79 66 48
1424547753 166 128 79 66 48
1424550956 166 129 79 66 48
1424557134 166 130 79 66 48
1424567274 166 131 79 66 48
1424600434 166 132 79 66 48
1424602824 166 133 79 66 48
1424612530 166 134 79 66 48
1424624856 166 135 79 66 48
1424625192 166 136 79 66 48
1424626565 166 137 79 66 48
1424626983 166 138 79 66 48
1424628265 166 139 79 66 48
1424630995 166 140 79 66 48
1424634292 166 141 79 66 48
1424641554 167 141 79 66 48
1424641643 167 142 79 66 48
1424642722 167 142 79 66 49
1424644135 167 143 79 66 49
1424645607 167 144 79 66 49
1424646209 168 144 79 66 49
1424696330 168 145 79 66 49
1424696920 168 146 79 66 49
1424697377 168 147 79 66 49
1424771796 169 147 79 66 49
1424772895 169 147 79 67 49
1424774168 170 147 79 67 49
1424774193 170 147 79 67 50
1424774974 170 148 79 67 50
1424776203 170 148 80 67 50
1424776547 170 148 80 67 51
1424776929 171 148 80 67 51
1424776953 172 148 80 67 51
1424776980 173 148 80 67 51
1424777358 173 148 80 67 52
1424777434 173 148 80 67 53
1424777583 173 148 80 67 54
1424777857 173 149 80 67 54
1424778200 173 150 80 67 54
1424783294 173 151 80 67 54
1424784131 173 151 80 68 54
1424787365 173 152 80 68 54
1424788338 173 153 80 68 54
1424793699 174 153 80 68 54
1424806060 175 153 80 68 54
1424826831 175 154 80 68 54
1425074644 176 154 80 68 54
1425074973 176 155 80 68 54
1425077324 176 156 80 68 54
1425081551 176 157 80 68 54
1425122932 177 157 80 68 54
1425302688 178 157 80 68 54
1425305056 178 157 80 68 55
1425305162 178 157 80 68 56
1425306653 179 157 80 68 56
1425306660 180 157 80 68 56
1425307675 181 157 80 68 56
1425308458 181 157 80 68 57
1425308582 182 157 80 68 57
1425308817 182 157 80 69 57
1425308844 183 157 80 69 57
1425312854 184 157 80 69 57
1425314486 185 157 80 69 57
1425314885 186 157 80 69 57
1425315495 187 157 80 69 57
1425315507 188 157 80 69 57
1425315985 189 157 80 69 57
1425318749 189 158 80 69 57
1425328915 189 159 80 69 57
1425331293 189 160 80 69 57
1425345329 189 161 80 69 57
1425372796 190 161 80 69 57
1425372971 191 161 80 69 57
1425373020 192 161 80 69 57
1425373874 192 161 80 70 57
1425374683 192 161 80 71 57
1425374900 192 161 80 72 57
1425375585 193 161 80 72 57
1425375753 194 161 80 72 57
1425377034 195 161 80 72 57
1425377046 196 161 80 72 57
1425377668 196 161 80 72 58
1425377683 196 161 80 72 59
1425377712 197 161 80 72 59
1425377749 198 161 80 72 59
1425377760 199 161 80 72 59
1425378317 199 161 80 73 59
1425379188 199 161 80 73 60
1425379275 199 161 80 74 60
1425380368 200 161 80 74 60
1425380546 200 161 80 75 60
1425380729 201 161 80 75 60
1425380745 202 161 80 75 60
1425381079 202 161 80 76 60
1425381421 202 161 80 77 60
1425381635 202 162 80 77 60
1425394043 203 162 80 77 60
1425394153 204 162 80 77 60
1425394314 205 162 80 77 60
1425394760 206 162 80 77 60
1425395183 206 163 80 77 60
1425407345 206 163 81 77 60
1425408049 206 163 82 77 60
1425408622 206 163 83 77 60
1425414065 206 164 83 77 60
1425421357 206 165 83 77 60
1425425751 206 166 83 77 60
1425431241 206 167 83 77 60
1425434619 206 168 83 77 60
1425435214 206 169 83 77 60
1425466594 206 169 84 77 60
1425481320 207 169 84 77 60
