1418647613 740
1418667602 1130
1418834773 1128
1418897437 1118
1418897446 1133
1418898203 1208
1419005605 1269
1419174059 1365
1419178712 1379
1419365501 1440
1419674344 1448
1419861769 1558
1419943614 1855
1419950160 1968
1420065369 2021
1420476488 2039
1420651748 2143
1420651818 2264
1420651898 2264
1420665651 7489
1420733516 7577
1420733616 5768
1420808988 5780
1420809074 5947
1420809647 5862
1420810049 5862
1420810624 6000
1420897894 6068
1420899020 6300
1420900870 6366
1420902357 6380
1420903578 6433
1420904109 6431
1420905545 6443
1420905794 6490
1420906547 6523
1420907481 6549
1420907515 6645
1420908606 6679
1420909483 6726
1420909578 6755
1420909726 6784
1420970605 6801
1420971043 6899
1420971058 6897
1420971794 6919
1420973178 6905
1420973211 6954
1420973230 6978
1420973243 7052
1420973428 7137
1420973507 7151
1420973689 7155
1420974127 7151
1420974628 7169
1420975685 7218
1420976573 7253
1420977497 7205
1420977506 7208
1420986458 7253
1420990922 7334
1420991753 7418
1420991760 7437
1420992921 7460
1420993418 7504
1420993878 7608
1420995295 7635
1420998530 7637
1421060104 7645
1421060133 7628
1421064750 7628
1421065560 7632
1421065680 7604
1421065685 7602
1421066785 7606
1421067480 7616
1421067591 7615
1421067819 7645
1421068977 7651
1421069063 7628
1421069469 7648
1421069473 7667
1421069563 7667
1421069782 7668
1421070095 7668
1421070138 7668
1421070483 7675
1421070968 7723
1421071456 7739
1421093324 7776
1421093449 7832
1421149415 7856
1421149746 7879
1421162121 7887
1421163413 7889
1421244669 7879
1421246824 8018
1421428163 8046
1421693588 8118
1421773847 8138
1421774223 8138
1421775466 8138
1421843369 8180
1421847584 8220
1421877534 8642
1422027031 8786
1422027211 8931
1422100801 8999
1422112005 9020
1422201164 9255
1422269311 9255
1422270153 9296
1422276108 9347
1422276868 9408
1422287044 9406
1422291219 9616
1422293493 9649
1422299341 9705
1422304637 9705
1422307909 9705
1422375419 9728
1422382590 9730
1422389854 9869
1422390815 9887
1422395029 9935
1422436158 9942
1422436230 9943
1422446013 9985
1422446071 10115
1422446317 10114
1422451354 10124
1422452589 10124
1422453001 10124
1422455056 10130
1422483062 10218
1422483157 10215
1422484872 10215
1422549970 10362
1422552909 10349
1422553077 10350
1422553242 10357
1422553292 10354
1422567961 10399
1422568950 10472
1422573104 10562
1422574261 10664
1422574614 10682
1422577095 10690
1422577872 10690
1422608395 10687
1422609940 10616
1422613323 10622
1422613626 10733
1422613894 10767
1422614183 10777
1422614194 10777
1422614685 10784
1422614701 10797
1422621180 10800
1422621194 10940
1422621305 10940
1422624037 10961
1422624105 10996
1422624107 11023
1422624366 11021
1422625119 11021
1422625206 11085
1422625339 11090
1422625432 11091
1422625584 11097
1422625789 11114
1422626162 11117
1422626503 11130
1422627033 11130
1422627326 11238
1422627714 11237
1422628169 11450
1422628827 11466
1422629350 11474
1422630219 11525
1422630229 11617
1422630414 11616
1422630428 11630
1422630763 11649
1422630833 11659
1422630852 11663
1422631134 11592
1422631603 11618
1422632317 11624
1422735927 11646
1422735942 11659
1422806797 11692
1422877864 11692
1422877880 11891
1422902383 11930
1422959794 13000
1422959802 13053
1422992218 13067
1423041432 13057
1423042188 13061
1423046417 13061
1423046436 13267
1423047190 13267
1423047207 13322
1423048903 13334
1423049034 13316
1423067970 13316
1423068712 13330
1423078755 13343
1423083877 13351
1423087386 13351
1423090960 13422
1423126527 13422
1423165160 13473
1423213076 13448
1423214814 13473
1423214880 13472
1423214904 13459
1423215008 13422
1423219058 13459
1423219070 13485
1423224715 13492
1423224729 13492
1423225329 13521
1423225731 13526
1423226450 13526
1423226648 13501
1423226884 13473
1423236193 13416
1423236269 13462
1423237014 13481
1423251675 13481
1423328023 13481
1423329972 13540
1423330051 13629
1423331243 13629
1423332845 13642
1423333327 13642
1423334463 13728
1423335920 13765
1423398079 13810
1423427458 13810
1423431061 10656
1423431073 10803
1423472244 10803
1423478930 10803
1423483723 10805
1423485739 10817
1423485749 10830
1423486071 10830
1423487351 10885
1423487363 10907
1423488931 11000
1423488940 11000
1423488958 11028
1423489148 11028
1423490155 11032
1423491024 11114
1423491182 11112
1423491215 11114
1423491243 11112
1423491961 11125
1423491990 11118
1423492276 11120
1423492642 11071
1423494404 11076
1423650981 11189
1423660386 13292
1423665112 13292
1423666409 13334
1423666455 13335
1423671167 13338
1423671506 13338
1423736672 13360
1423771421 13363
1423772587 13383
1423772836 13392
1423819453 13392
1423820394 13401
1423820428 13397
1423821255 13397
1423821423 13384
1423821454 13384
1423822362 13400
1423822918 13398
1423825448 13437
1423825466 13471
1423828696 13479
1423829462 13508
1423829657 13532
1423829995 13534
1423830071 13531
1423830497 13623
1423830502 13549
1423831120 13554
1423835005 13777
1423835102 13831
1423836979 13828
1423841487 13828
1423926075 13831
1423998321 13848
1423998335 13845
1424001472 13858
1424013878 13803
1424074927 13801
1424081821 13813
1424081951 13867
1424091095 13972
1424091163 13996
1424118611 13439
1424119165 13484
1424122064 13500
1424180993 13512
1424181913 13578
1424189696 13669
1424212954 13671
1424276480 13853
1424294899 13840
1424296038 13882
1424297977 13882
1424298959 13951
1424298987 14026
1424298996 14006
1424337077 14006
1424370289 14000
1424431972 14056
1424431985 14040
1424439375 14054
1424443053 15400
1424445268 15286
1424448248 15306
1424448346 15390
1424450529 15404
1424450967 15404
1424450971 15404
1424452772 15405
1424461228 15440
1424461441 15445
1424467709 15445
1424470380 15463
1424471693 15445
1424475010 15469
1424530212 15511
1424530237 15512
1424530681 15534
1424531843 15533
1424532792 15543
1424534205 15485
1424537352 15529
1424542873 15563
1424547753 15563
1424550956 15592
1424557134 15683
1424567274 15701
1424600434 15802
1424602824 15871
1424612530 15870
1424624856 15839
1424625192 15826
1424626565 15858
1424626983 15859
1424628265 15914
1424630995 15975
1424634292 16005
1424641554 16034
1424641643 16134
1424642722 16155
1424644135 16218
1424645607 16242
1424646209 16237
1424696330 16460
1424696920 16452
1424697377 16447
1424771796 16447
1424772895 16457
1424774168 16458
1424774193 30583
1424774974 30594
1424776203 30605
1424776547 30633
1424777358 30641
1424777434 30645
1424777583 30645
1424777857 30702
1424778200 30758
1424783294 30771
1424784131 30808
1424787365 30959
1424788338 31001
1424793699 31001
1424806060 31012
1424826831 31122
1425074644 31121
1425074973 31124
1425077324 31116
1425081551 31184
1425122932 31178
1425302688 31182
1425305056 31274
1425305162 31272
1425306653 31274
1425306660 31342
1425307675 31256
1425308458 31256
1425308582 31257
1425308817 31268
1425308844 31269
1425312854 31275
1425314486 31331
1425314885 31337
1425315495 31350
1425315507 31353
1425315985 31354
1425318749 31412
1425328915 31417
1425331293 31380
1425345329 31409
1425372796 31411
1425372971 31411
1425373020 31395
1425373874 31396
1425374683 31446
1425374900 31446
1425375585 31373
1425375753 31375
1425377034 31409
1425377046 31411
1425377668 31387
1425377683 31415
1425377712 31360
1425377749 31364
1425377760 31347
1425378317 31965
1425379188 31950
1425379275 31950
1425380368 31967
1425380546 31982
1425380729 31112
1425380745 31084
1425381079 31084
1425381421 31084
1425381635 31085
1425394043 31179
1425394153 31189
1425394314 31191
1425394760 31191
1425395183 31199
1425407345 31207
1425408049 31213
1425408622 31213
