1418647613 740 0 0 0 0
1418667602 740 390 0 0 0
1418834773 740 578 0 0 0
1418897437 1003 578 0 0 0
1418897446 1018 578 0 0 0
1418898203 1095 578 0 0 0
1419005605 1095 578 61 0 0
1419174059 1194 578 61 0 0
1419178712 1208 578 61 0 0
1419365501 1208 578 183 0 0
1419674344 1229 578 183 0 0
1419861769 1340 578 183 0 0
1419943614 1672 578 183 0 0
1419950160 1788 578 183 0 0
1420065369 1849 578 183 0 0
1420476488 1849 578 183 0 19
1420636742 1973 578 183 0 19
1420636894 1977 578 183 0 19
1420651748 1977 578 289 0 19
1420651818 1977 578 289 0 19
1420651898 1977 578 289 0 19
1420665651 1977 578 5514 0 19
1420733516 2067 578 5514 0 19
1420733616 2090 578 5514 0 19
1420808791 2264 578 5514 0 19
1420808988 2264 578 5514 0 34
1420809074 2264 578 5514 0 34
1420809647 2264 578 5625 0 34
1420810049 2264 578 5626 0 34
1420810624 2264 578 6380 0 34
1420813518 2266 578 6380 0 34
1420814170 2283 578 6380 0 34
1420881392 2408 578 6380 0 43
1420897094 2601 578 6380 0 43
1420897894 2601 578 6463 0 43
1420899020 2601 578 6463 0 43
1420900870 2674 578 6463 0 43
1420902357 2674 578 6463 14 43
1420903578 2731 578 6463 14 43
1420904109 2731 579 6463 14 43
1420905545 2731 579 6463 35 43
1420905794 2731 626 6463 35 43
1420906547 2731 660 6463 35 43
1420907481 2731 660 6463 35 74
1420907515 2827 660 6463 35 74
1420908606 2827 660 6463 71 74
1420909483 2827 719 6463 71 74
1420909578 2827 719 6463 102 74
1420909726 2827 719 6463 102 106
1420970605 2827 738 6463 102 106
1420971043 2941 738 6463 102 106
1420971058 2942 738 6463 102 106
1420971794 2942 763 6463 102 106
1420973124 2942 840 6463 102 106
1420973178 2942 840 6463 102 106
1420973211 3038 840 6463 102 106
1420973230 3066 840 6463 102 106
1420973243 3142 840 6463 102 106
1420973403 3142 874 6463 102 106
1420973428 3142 874 6463 102 106
1420973507 3142 874 6463 102 106
1420973689 3142 879 6463 102 106
1420974127 3142 879 6463 102 106
1420974628 3142 899 6463 102 106
1420975685 3142 952 6463 102 106
1420976573 3142 991 6463 102 106
1420977497 3170 991 6463 102 106
1420977506 3174 991 6463 102 106
1420986458 3174 991 6463 102 207
1420990922 3174 991 6463 102 498
1420991753 3258 991 6463 102 498
1420991760 3277 991 6463 102 498
1420992468 3323 991 6463 102 498
1420992921 3323 991 6463 102 754
1420993418 3323 991 6463 102 754
1420993878 3453 991 6463 102 754
1420995295 3482 991 6463 102 754
1420998530 3491 991 6463 102 754
1421059608 3491 991 6467 102 754
1421059870 3491 991 6467 102 754
1421060104 3525 991 6467 102 754
1421060133 3525 991 6467 102 754
1421064750 3525 991 6467 119 754
1421065560 3602 991 6467 119 754
1421065685 3602 991 6467 135 763
1421066785 3602 991 6467 146 763
1421067480 3602 991 6467 146 805
1421067591 3628 991 6467 146 805
1421067819 3628 1023 6467 146 805
1421068977 3628 1029 6467 146 805
1421069063 3628 1029 6467 173 805
1421069201 3628 1029 6467 173 840
1421069213 3637 1029 6467 173 840
1421069386 3637 1029 6467 173 840
1421069469 3637 1029 6467 212 840
1421069563 3637 1029 6467 212 841
1421069782 3653 1029 6467 212 841
1421070095 3653 1031 6467 212 841
1421070138 3653 1031 6467 233 841
1421070483 3662 1031 6467 233 841
1421070968 3662 1031 6467 233 944
1421071456 3662 1031 6467 268 944
1421085623 3662 1031 6467 301 944
1421089140 3663 1031 6467 301 944
1421090042 3663 1031 6467 439 944
1421090608 3663 1031 6467 454 944
1421093324 3663 1250 6467 454 944
1421093449 3663 1250 6467 454 944
1421148519 3663 1250 6467 485 944
1421148938 3663 1250 6467 509 944
1421149415 3663 1250 6492 509 944
1421149746 3663 1250 6492 509 944
1421162121 3663 1250 6500 509 944
1421163413 3663 1250 6500 512 944
1421244669 3663 1250 6500 512 944
1421246824 3802 1250 6500 512 944
1421428163 3802 1344 6500 512 944
1421693588 3802 1432 6500 512 944
1421773847 3838 1432 6500 512 944
1421774223 3839 1432 6500 512 944
1421775466 3839 1432 6501 512 944
1421843369 3881 1432 6501 512 944
1421847584 3924 1432 6501 512 944
1421877534 3924 1920 6501 512 944
1422012664 3972 1920 6501 512 944
1422020590 4007 1920 6501 512 944
1422020602 4170 1920 6501 512 944
1422020633 4170 1920 6501 512 944
1422020651 4170 1920 6501 512 944
1422027031 4170 2257 6501 512 944
1422027211 4170 2257 6501 512 944
1422100801 4253 2257 6501 512 944
1422112005 4253 2257 6542 512 944
1422201164 4525 2257 6542 512 944
1422269311 4525 2257 6552 512 944
1422270153 4573 2257 6552 512 944
1422276108 4573 2257 6632 512 944
1422276868 4696 2257 6632 512 944
1422287044 4696 2257 6632 512 944
1422291219 4696 2472 6632 512 944
1422293493 4696 2536 6632 512 944
1422299341 4696 2604 6632 512 944
1422304637 4696 2606 6632 512 944
1422307909 4702 2606 6632 512 944
1422375419 4702 2631 6632 512 944
1422382590 4702 2663 6632 512 944
1422389854 4702 2987 6632 512 944
1422390815 4702 3044 6632 512 944
1422395029 4702 3098 6632 512 944
1422436158 4702 3098 6641 512 944
1422436230 4702 3098 6641 514 944
1422436898 4710 3098 6641 514 944
1422436925 4824 3098 6641 514 944
1422436932 4824 3098 6641 514 944
1422437828 4824 3098 6641 514 944
1422438728 4824 3098 6641 525 944
1422438827 4824 3098 6691 525 944
1422438847 4824 3098 6691 525 944
1422439732 4824 3146 6691 525 944
1422440361 4830 3146 6691 525 944
1422440702 4839 3146 6691 525 944
1422441336 4840 3146 6691 525 944
1422441381 4883 3146 6691 525 944
1422441713 4919 3146 6691 525 944
1422441781 4919 3146 6691 525 944
1422446013 4919 3146 6691 525 988
1422446071 4919 3146 6691 525 988
1422446317 4926 3146 6691 525 988
1422451354 4926 3177 6691 525 988
1422452589 4926 3192 6691 525 988
1422453001 4926 3196 6691 525 988
1422455056 4926 3211 6691 525 988
1422483062 4926 3336 6691 525 988
1422483157 4926 3336 6691 525 988
1422484872 4926 3348 6691 525 988
1422549970 4926 3561 6691 525 988
1422552909 4926 3608 6691 525 988
1422553077 4926 3611 6691 525 988
1422553242 4926 3621 6691 525 988
1422553292 4926 3621 6691 525 988
1422567961 4926 3707 6691 525 988
1422568950 4926 3785 6691 525 988
1422573104 4926 3884 6691 525 988
1422574261 4926 4011 6691 525 988
1422574614 4926 4029 6691 525 988
1422577095 4926 4039 6691 525 988
1422577872 4926 4042 6691 525 988
1422608395 4950 4042 6691 525 988
1422609940 4950 4042 6691 525 988
1422612983 4974 4042 6691 525 988
1422613007 4992 4042 6691 525 988
1422613020 5042 4042 6691 525 988
1422613163 5042 4095 6691 525 988
1422613323 5042 4095 6698 525 988
1422613626 5042 4095 6698 525 988
1422613894 5042 4095 6698 525 1084
1422614183 5042 4111 6698 525 1084
1422614194 5042 4111 6698 525 1085
1422614582 5042 4111 6698 543 1085
1422614685 5042 4111 6705 543 1085
1422614701 5042 4111 6705 543 1085
1422618744 5042 4111 6705 543 1181
1422620087 5100 4218 6705 543 1181
1422620556 5137 4218 6705 543 1181
1422621053 5137 4265 6705 543 1181
1422621180 5137 4265 6709 543 1181
1422621194 5137 4265 6709 543 1181
1422621305 5137 4265 6710 543 1181
1422623090 5137 4265 6711 543 1181
1422623162 5137 4341 6711 543 1181
1422623754 5137 4341 6711 543 1292
1422624037 5175 4341 6711 543 1292
1422624044 5175 4393 6711 543 1292
1422624105 5175 4393 6711 543 1292
1422624107 5175 4393 6711 543 1292
1422624366 5175 4393 6711 543 1293
1422624805 5175 4393 6711 611 1293
1422625071 5175 4393 6711 611 1293
1422625119 5175 4393 6711 611 1296
1422625206 5175 4393 6711 611 1296
1422625339 5175 4404 6711 611 1296
1422625432 5175 4404 6711 611 1298
1422625584 5175 4418 6711 611 1298
1422625789 5217 4418 6711 611 1298
1422626162 5217 4418 6711 611 1308
1422626503 5256 4418 6711 611 1308
1422627033 5256 4418 6711 611 1309
1422627326 5256 4418 6821 611 1309
1422627714 5256 4420 6821 611 1309
1422628169 5470 4420 6821 611 1309
1422628827 5494 4420 6821 611 1309
1422629350 5494 4420 6835 611 1309
1422630219 5494 4473 6835 611 1309
1422630229 5494 4473 6835 733 1309
1422630414 5515 4473 6835 733 1309
1422630428 5515 4492 6835 733 1309
1422630763 5535 4492 6835 733 1309
1422630833 5535 4492 6835 747 1309
1422630852 5540 4492 6835 747 1309
1422631134 5558 4492 6835 747 1309
1422631603 5558 4521 6835 747 1309
1422632317 5558 4533 6835 747 1309
1422735927 5638 4533 6835 747 1309
1422735942 5659 4533 6835 747 1309
1422806797 5659 4533 6921 747 1309
1422812089 5672 4533 6921 747 1309
1422815461 5745 4533 6921 747 1309
1422818439 5745 4533 6921 747 1343
1422818518 5745 4533 6921 747 1343
1422822097 5756 4533 6921 747 1343
1422823638 5854 4533 6921 747 1343
1422824489 5855 4533 6921 747 1343
1422877864 5855 4533 6925 747 1343
1422877880 5855 4533 6925 747 1343
1422902383 5855 4533 6925 747 1384
1422959794 6925 4533 6925 747 1384
1422959802 6986 4533 6925 747 1384
1422992218 6986 4533 6925 747 1416
1423041432 7001 4533 6925 747 1416
1423042188 7007 4533 6925 747 1416
1423042426 7007 4706 6925 747 1416
1423042518 7007 4706 6961 747 1416
1423042533 7007 4706 6961 747 1416
1423044379 7007 4748 6961 747 1416
1423044554 7007 4753 6961 747 1416
1423045462 7055 4753 6961 747 1416
1423046142 7084 4753 6961 747 1416
1423046417 7084 4753 6961 747 1416
1423046436 7084 4753 6961 747 1416
1423046954 7084 4809 6961 747 1416
1423047190 7084 4809 6961 748 1416
1423047207 7084 4809 6961 748 1416
1423048872 7108 4809 6961 748 1416
1423048903 7108 4809 6961 748 1435
1423049034 7108 4809 6961 748 1435
1423067970 7110 4809 6961 748 1435
1423068712 7142 4809 6961 748 1435
1423078755 7142 4824 6961 748 1435
1423083877 7142 4824 6961 748 1445
1423087386 7142 4825 6961 748 1445
1423090960 7142 4901 6961 748 1445
1423126527 7142 4901 6961 748 1445
1423165160 7193 4901 6961 748 1445
1423213076 7193 4903 6961 748 1445
1423214814 7193 4903 6961 776 1445
1423214880 7193 4903 6961 776 1445
1423214904 7193 4903 6961 776 1445
1423215008 7193 4903 6961 776 1445
1423215607 7193 4903 6961 790 1445
1423217160 7193 4903 6961 807 1445
1423217638 7193 4903 6961 807 1446
1423217871 7193 4903 6961 807 1497
1423217882 7193 4903 6961 807 1499
1423218331 7193 4903 6961 821 1499
1423218735 7193 4903 6961 832 1499
1423218791 7193 4903 6961 832 1521
1423219058 7193 4903 7109 832 1521
1423219070 7193 4903 7109 832 1521
1423222987 7193 4903 7109 846 1521
1423224040 7193 4903 7109 860 1521
1423224381 7193 4903 7109 874 1521
1423224464 7193 4903 7109 875 1521
1423224715 7193 4903 7140 875 1521
1423224729 7193 4903 7140 875 1521
1423225329 7193 4903 7140 875 1566
1423225731 7193 4903 7140 881 1566
1423226450 7193 4903 7140 881 1567
1423226648 7200 4903 7140 881 1567
1423226884 7207 4903 7140 881 1567
1423236193 7287 4903 7140 881 1567
1423236269 7333 4903 7140 881 1567
1423237014 7366 4903 7140 881 1567
1423251675 7366 4903 7140 892 1567
1423328023 7366 4903 7142 892 1567
1423329368 7366 5049 7142 892 1567
1423329972 7366 5049 7216 892 1567
1423330051 7366 5049 7216 892 1567
1423331243 7366 5050 7216 892 1567
1423332845 7382 5050 7216 892 1567
1423333327 7384 5050 7216 892 1567
1423334463 7471 5050 7216 892 1567
1423335920 7471 5089 7216 892 1567
1423398079 7471 5089 7288 892 1567
1423427458 7491 5089 7288 892 1567
1423431061 8513 5089 7288 892 1567
1423431073 8660 5089 7288 892 1567
1423472244 8660 5089 7288 903 1567
1423478930 8660 5089 7288 914 1567
1423483723 8660 5089 7293 914 1567
1423484314 8660 5118 7293 914 1567
1423484556 8671 5118 7293 914 1567
1423485217 8692 5118 7293 914 1567
1423485739 8692 5118 7316 914 1567
1423485749 8692 5118 7316 914 1567
1423486071 8693 5118 7316 914 1567
1423486301 8693 5131 7316 914 1567
1423486307 8693 5131 7316 914 1567
1423486987 8693 5131 7316 925 1567
1423487197 8729 5131 7316 925 1567
1423487236 8730 5131 7316 925 1567
1423487351 8730 5131 7371 925 1567
1423487363 8730 5131 7371 929 1567
1423487872 8730 5131 7371 941 1567
1423488141 8730 5131 7371 952 1567
1423488518 8730 5131 7371 967 1567
1423488584 8730 5131 7371 968 1567
1423488832 8730 5131 7371 999 1567
1423488931 8730 5131 7464 999 1567
1423488940 8759 5131 7464 999 1567
1423488958 8759 5131 7464 999 1567
1423489148 8759 5131 7464 1045 1567
1423490155 8772 5131 7464 1045 1567
1423491024 8772 5218 7464 1045 1567
1423491182 8773 5218 7464 1045 1567
1423491215 8773 5220 7464 1045 1567
1423491243 8773 5220 7464 1045 1567
1423491345 8773 5220 7464 1045 1567
1423491484 8773 5226 7464 1045 1567
1423491703 8773 5227 7464 1045 1567
1423491814 8773 5227 7464 1049 1567
1423491961 8795 5227 7464 1049 1567
1423491990 8795 5227 7464 1049 1567
1423492276 8795 5231 7464 1049 1567
1423492642 8795 5231 7464 1049 1567
1423494404 8795 5237 7464 1049 1567
1423648658 8795 5237 7464 1049 1730
1423649482 10402 5237 7464 1049 1730
1423649787 10402 5237 7464 1449 1730
1423650163 10428 5237 7464 1449 1730
1423650330 10428 5237 7464 1528 1730
1423650658 10459 5237 7464 1528 1730
1423650814 10463 5237 7464 1528 1730
1423650981 10463 5237 7592 1528 1730
1423651527 10463 5237 7592 1578 1730
1423652398 10463 5237 7592 1578 2094
1423652537 10468 5237 7592 1578 2094
1423660386 10468 5237 7592 1578 2094
1423665112 10473 5237 7592 1578 2094
1423666409 10515 5237 7592 1578 2094
1423666455 10517 5237 7592 1578 2094
1423671167 10517 5237 7599 1578 2094
1423671506 10517 5237 7609 1578 2094
1423736672 10517 5237 7641 1578 2094
1423771421 10517 5243 7641 1578 2094
1423772587 10517 5265 7641 1578 2094
1423772836 10517 5294 7641 1578 2094
1423819453 10517 5294 7641 1578 2094
1423820394 10517 5294 7641 1691 2094
1423820428 10521 5294 7641 1691 2094
1423821255 10522 5294 7641 1691 2094
1423821454 10548 5294 7641 1691 2094
1423822362 10548 5294 7641 1691 2110
1423822918 10548 5295 7641 1691 2110
1423823442 10548 5295 7641 1691 2115
1423824004 10548 5295 7641 1691 2119
1423824020 10548 5295 7641 1721 2119
1423825448 10548 5295 7684 1721 2119
1423825466 10548 5295 7684 1721 2119
1423828696 10548 5295 7692 1721 2119
1423829462 10548 5327 7692 1721 2119
1423829657 10548 5351 7692 1721 2119
1423829995 10548 5351 7700 1721 2119
1423830071 10548 5358 7700 1721 2119
1423830502 10586 5358 7700 1721 2119
1423831120 10586 5372 7700 1810 2119
1423835005 10586 5548 7700 1810 2119
1423835102 10586 5548 7700 1864 2119
1423836979 10614 5548 7700 1864 2119
1423841487 10614 5549 7700 1864 2119
1423926075 10614 5549 7710 1864 2119
1423997755 10655 5549 7710 1864 2119
1423998321 10655 5549 7727 1864 2119
1423998335 10655 5549 7727 1864 2119
1424001472 10703 5549 7727 1864 2119
1424013878 10727 5549 7727 1864 2119
1424074927 10730 5549 7727 1864 2119
1424080906 10730 5605 7727 1864 2119
1424080933 10730 5606 7727 1864 2119
1424081821 10730 5606 7745 1864 2119
1424081951 10730 5606 7745 1864 2119
1424087949 10730 5606 7745 1864 2119
1424089511 10730 5606 7765 1864 2119
1424090106 10730 5606 7869 1864 2119
1424090640 10730 5606 7878 1864 2119
1424090792 10730 5606 7902 1864 2119
1424091095 10730 5829 7902 1864 2119
1424091163 10730 5829 7902 1864 2119
1424118611 10730 5829 7902 1864 2119
1424119165 10955 5829 7902 1864 2119
1424122064 10972 5829 7902 1864 2119
1424180993 10985 5829 7902 1864 2119
1424181913 11056 5829 7902 1864 2119
1424189696 11056 5829 7902 1956 2119
1424212954 11056 5829 7902 1956 2138
1424276480 11056 5829 7902 2138 2138
1424294899 11092 5829 7902 2138 2138
1424296038 11092 5874 7902 2138 2138
1424297977 11092 5875 7902 2138 2138
1424298959 11163 5875 7902 2138 2138
1424298987 11239 5875 7902 2138 2138
1424298996 11240 5875 7902 2138 2138
1424337077 11244 5875 7902 2138 2138
1424370289 11249 5875 7902 2138 2138
1424428574 11249 5875 7902 2291 2138
1424429691 11383 5875 7902 2291 2138
1424429699 11384 5875 7902 2291 2138
1424430783 11384 5875 7902 2291 2168
1424430828 11384 5875 7902 2515 2168
1424431972 11384 5875 7964 2515 2168
1424431985 11384 5875 7964 2515 2168
1424438742 11396 5875 7964 2515 2168
1424439375 11396 5875 7986 2515 2168
1424439978 11396 5875 7986 2712 2168
1424440210 11396 5875 7986 3860 2168
1424443053 11396 5875 7986 3860 2168
1424445268 11410 5875 7986 3860 2168
1424448248 11410 5911 7986 3860 2168
1424448346 11410 5999 7986 3860 2168
1424450529 11410 6032 7986 3860 2168
1424450971 11417 6034 7986 3860 2168
1424452772 11417 6038 7986 3860 2168
1424461228 11417 6087 7986 3860 2168
1424461441 11417 6094 7986 3860 2168
1424467709 11417 6111 7986 3860 2168
1424470380 11417 6199 7986 3860 2168
1424471693 11417 6238 7986 3860 2168
1424475010 11417 6269 7986 3860 2168
1424530212 11417 6325 7986 3860 2168
1424530237 11417 6396 7986 3860 2168
1424530681 11417 6422 7986 3860 2168
1424531843 11417 6446 7986 3860 2168
1424532792 11432 6446 7986 3860 2168
1424534205 11469 6446 7986 3860 2168
1424537352 11469 6492 7986 3860 2168
1424542873 11469 6526 7986 3860 2168
1424547753 11469 6560 7986 3860 2168
1424550956 11469 6618 7986 3860 2168
1424557134 11469 6726 7986 3860 2168
1424567274 11469 6768 7986 3860 2168
1424600434 11469 6888 7986 3860 2168
1424602824 11469 7016 7986 3860 2168
1424612530 11469 7040 7986 3860 2168
1424624856 11469 7241 7986 3860 2168
1424625192 11469 7242 7986 3860 2168
1424626565 11469 7275 7986 3860 2168
1424626983 11469 7280 7986 3860 2168
1424628265 11469 7336 7986 3860 2168
1424630995 11469 7404 7986 3860 2168
1424634292 11469 7459 7986 3860 2168
1424641554 11504 7459 7986 3860 2168
1424641643 11504 7613 7986 3860 2168
1424642722 11504 7613 7986 3860 2206
1424644135 11504 7762 7986 3860 2206
1424645607 11504 7792 7986 3860 2206
1424646209 11505 7792 7986 3860 2206
1424696330 11505 8050 7986 3860 2206
1424696920 11505 8055 7986 3860 2206
1424697377 11505 8059 7986 3860 2206
1424771796 11506 8059 7986 3860 2206
1424772895 11506 8059 7986 4061 2206
1424774168 11515 8059 7986 4061 2206
1424774193 11515 8059 7986 4061 16340
1424774974 11515 8072 7986 4061 16340
1424776203 11515 8072 7997 4061 16340
1424776547 11515 8072 7997 4061 16448
1424776929 11525 8072 7997 4061 16448
1424776953 11525 8072 7997 4061 16448
1424776980 11526 8072 7997 4061 16448
1424777358 11526 8072 7997 4061 16469
1424777434 11526 8072 7997 4061 16469
1424777583 11526 8072 7997 4061 16470
1424777857 11526 8132 7997 4061 16470
1424778200 11526 8188 7997 4061 16470
1424783294 11526 8212 7997 4061 16470
1424784131 11526 8212 7997 4500 16470
1424787365 11526 8420 7997 4500 16470
1424788338 11526 8472 7997 4500 16470
1424793699 11537 8472 7997 4500 16470
1424806060 11548 8472 7997 4500 16470
1424826831 11548 8635 7997 4500 16470
1425074644 11555 8635 7997 4500 16470
1425074973 11555 8650 7997 4500 16470
1425077324 11555 8688 7997 4500 16470
1425081551 11555 8781 7997 4500 16470
1425122932 11556 8781 7997 4500 16470
1425302688 11573 8781 7997 4500 16470
1425305056 11573 8781 7997 4500 16575
1425305162 11573 8781 7997 4500 16576
1425306653 11684 8781 7997 4500 16576
1425306660 11752 8781 7997 4500 16576
1425307675 11766 8781 7997 4500 16576
1425308458 11766 8781 7997 4500 16578
1425308582 11770 8781 7997 4500 16578
1425308817 11770 8781 7997 4638 16578
1425308844 11774 8781 7997 4638 16578
1425312854 11793 8781 7997 4638 16578
1425314486 11877 8781 7997 4638 16578
1425314885 11888 8781 7997 4638 16578
1425315495 11920 8781 7997 4638 16578
1425315507 11924 8781 7997 4638 16578
1425315985 11926 8781 7997 4638 16578
1425318749 11926 9219 7997 4638 16578
1425328915 11926 9227 7997 4638 16578
1425331293 11926 9243 7997 4638 16578
1425345329 11926 9305 7997 4638 16578
1425372796 11930 9305 7997 4638 16578
1425372971 11963 9305 7997 4638 16578
1425373020 11963 9305 7997 4638 16578
1425373874 11963 9305 7997 4645 16578
1425374683 11963 9305 7997 4729 16578
1425374900 11963 9305 7997 4731 16578
1425375585 11974 9305 7997 4731 16578
1425375753 11977 9305 7997 4731 16578
1425377034 12041 9305 7997 4731 16578
1425377046 12044 9305 7997 4731 16578
1425377668 12044 9305 7997 4731 16579
1425377683 12044 9305 7997 4731 16689
1425377712 12044 9305 7997 4731 16689
1425377749 12054 9305 7997 4731 16689
1425377760 12055 9305 7997 4731 16689
1425378317 12055 9305 7997 5357 16689
1425379188 12055 9305 7997 5357 16689
1425379275 12055 9305 7997 5375 16689
1425380368 12078 9305 7997 5375 16689
1425380546 12078 9305 7997 5426 16689
1425380729 12078 9305 7997 5426 16689
1425380745 12081 9305 7997 5426 16689
1425381079 12081 9305 7997 5430 16689
1425381421 12081 9305 7997 5433 16689
1425381635 12081 9314 7997 5433 16689
1425394043 12221 9314 7997 5433 16689
1425394153 12231 9314 7997 5433 16689
1425394314 12236 9314 7997 5433 16689
1425394760 12237 9314 7997 5433 16689
1425395183 12237 9324 7997 5433 16689
1425407345 12237 9324 8014 5433 16689
1425408049 12237 9324 8022 5433 16689
1425408622 12237 9324 8024 5433 16689
